0.00305986
0.00628891
0.0097941
0.0136922
0.0181027
0.0231467
0.0289459
0.0356221
0.0432959
0.0520846
0.0621006
0.0734489
0.0862247
0.10051
0.116373
0.133863
0.153008
0.173814
0.196264
0.220316
0.245899
0.272919
0.301256
0.330767
0.361287
0.392635
0.424611
0.457008
0.489609
0.522194
0.554546
0.586454
0.617713
0.648135
0.677545
0.705786
0.732725
0.758245
0.782254
0.804679
0.825472
0.844599
0.862047
0.877817
0.891926
0.904398
0.915268
0.924575
0.932364
0.93868
0.943566
0.947066
0.94922
0.950062
0.949625
0.947934
0.945012
0.940876
0.935542
0.92902
0.92132
0.912451
0.902422
0.891242
0.878922
0.865478
0.850924
0.835284
0.818581
0.800844
0.782105
0.762403
0.741777
0.720272
0.697933
0.67481
0.650953
0.626412
0.601241
0.575489
0.549208
0.522447
0.495253
0.46767
0.439742
0.411509
0.383008
0.354272
0.325333
0.29622
0.266957
0.237569
0.208075
0.178494
0.148842
0.119134
0.0893842
0.0596041
0.0298056
