0.0295283
0.0590399
0.0885178
0.117944
0.147302
0.176571
0.205731
0.23476
0.263636
0.292334
0.320827
0.349087
0.377083
0.404785
0.432158
0.459168
0.485777
0.511947
0.53764
0.562815
0.587431
0.611449
0.634826
0.657522
0.679498
0.700714
0.721133
0.740717
0.759431
0.777243
0.79412
0.810033
0.824952
0.838852
0.851706
0.86349
0.87418
0.883753
0.892186
0.899457
0.905543
0.910419
0.914062
0.916447
0.917548
0.917341
0.915798
0.912896
0.908608
0.902914
0.895793
0.887228
0.877207
0.865724
0.852779
0.838381
0.822547
0.805303
0.786687
0.766749
0.745548
0.723157
0.69966
0.675154
0.649746
0.623551
0.596696
0.569314
0.541545
0.513531
0.485419
0.457353
0.429478
0.401932
0.374851
0.348361
0.322577
0.297605
0.27354
0.250461
0.228435
0.207512
0.187731
0.169111
0.151663
0.135378
0.120237
0.106208
0.0932464
0.081298
0.0702983
0.0601748
0.0508472
0.042229
0.0342282
0.0267484
0.0196894
0.0129486
0.00642083
