0.00428193
0.00870882
0.0133933
0.0184513
0.0239985
0.0301495
0.0370169
0.0447111
0.0533385
0.0630003
0.0737914
0.0857983
0.0990974
0.113753
0.129816
0.147321
0.166287
0.186711
0.208575
0.231836
0.256434
0.282285
0.309288
0.33732
0.366245
0.395908
0.426143
0.456773
0.487616
0.518483
0.549189
0.579547
0.609378
0.638512
0.66679
0.694066
0.720207
0.7451
0.768646
0.790766
0.811394
0.830486
0.848009
0.863946
0.878295
0.89106
0.902259
0.911914
0.920055
0.926714
0.931925
0.935724
0.938146
0.939224
0.938989
0.93747
0.934693
0.930681
0.925454
0.919032
0.911432
0.902667
0.892755
0.881711
0.869551
0.856292
0.841955
0.826561
0.810137
0.792709
0.774309
0.75497
0.734729
0.713627
0.691704
0.669005
0.645575
0.62146
0.596708
0.571366
0.54548
0.519097
0.492261
0.465016
0.437402
0.409459
0.381223
0.35273
0.32401
0.295093
0.266007
0.236775
0.20742
0.177963
0.148421
0.118812
0.0891515
0.0594535
0.0297319
