0.00298561
0.006138
0.00956279
0.0133756
0.0176952
0.0226421
0.0283384
0.0349067
0.0424686
0.0511435
0.0610462
0.0722845
0.084957
0.0991496
0.114933
0.132361
0.151465
0.172254
0.194714
0.218802
0.244451
0.271566
0.300026
0.329686
0.360379
0.391918
0.424101
0.456714
0.489536
0.522343
0.554912
0.587025
0.618476
0.649071
0.678632
0.707001
0.734042
0.75964
0.783701
0.806155
0.826954
0.846069
0.863488
0.879216
0.893272
0.905685
0.916492
0.925736
0.933463
0.93972
0.944554
0.948009
0.950125
0.950938
0.950479
0.948775
0.945846
0.941709
0.936377
0.929861
0.922169
0.913307
0.903285
0.892109
0.87979
0.866342
0.851781
0.836128
0.819406
0.801645
0.782878
0.763142
0.742478
0.720932
0.698549
0.675381
0.651477
0.62689
0.601672
0.575876
0.549551
0.522749
0.495516
0.467897
0.439937
0.411674
0.383146
0.354387
0.325428
0.296297
0.26702
0.237619
0.208114
0.178524
0.148865
0.119151
0.0893961
0.0596116
0.0298092
