0.00587765
0.0118713
0.0180904
0.0246436
0.0316376
0.0391766
0.0473612
0.0562881
0.0660484
0.0767271
0.0884019
0.101142
0.115006
0.130042
0.146286
0.163762
0.182476
0.202424
0.223583
0.245914
0.269364
0.293862
0.319324
0.34565
0.372726
0.400429
0.428623
0.457165
0.485905
0.51469
0.543365
0.571776
0.59977
0.627202
0.653932
0.679828
0.70477
0.728649
0.751366
0.772838
0.792994
0.811775
0.829135
0.845041
0.85947
0.87241
0.883858
0.893819
0.902305
0.909331
0.91492
0.919094
0.92188
0.923304
0.923395
0.922179
0.919683
0.915931
0.910949
0.904761
0.897387
0.888851
0.879174
0.868378
0.856483
0.843513
0.829491
0.814441
0.798391
0.781368
0.763402
0.744526
0.724774
0.70418
0.682784
0.660625
0.637741
0.614176
0.589971
0.565168
0.53981
0.513938
0.487594
0.460818
0.433648
0.406123
0.378277
0.350145
0.321758
0.293147
0.26434
0.235363
0.206239
0.176992
0.147643
0.11821
0.0887126
0.0591674
0.0295912
