0.00539649
0.010917
0.0166731
0.0227758
0.029335
0.0364581
0.0442495
0.0528096
0.0622343
0.072613
0.0840283
0.0965538
0.110254
0.12518
0.141373
0.158859
0.177649
0.197738
0.219103
0.241707
0.265493
0.290387
0.3163
0.343126
0.370745
0.399024
0.42782
0.456979
0.486344
0.51575
0.545034
0.574031
0.602584
0.630537
0.657744
0.684071
0.709392
0.733597
0.756586
0.778277
0.7986
0.817498
0.834931
0.850868
0.865293
0.878198
0.889587
0.899468
0.907859
0.914781
0.920259
0.924321
0.926996
0.928312
0.928299
0.926984
0.924394
0.920555
0.91549
0.909222
0.901771
0.893157
0.883401
0.872523
0.860542
0.84748
0.833359
0.818203
0.802037
0.78489
0.766793
0.747776
0.727876
0.707129
0.685574
0.663251
0.640202
0.61647
0.592099
0.567131
0.541611
0.515582
0.489086
0.462164
0.434856
0.4072
0.379232
0.350985
0.322493
0.293785
0.264888
0.235828
0.20663
0.177314
0.147901
0.118411
0.088859
0.059263
0.0296383
