0.0014822
0.00314115
0.00506215
0.00734903
0.0101169
0.0134902
0.0176019
0.0225928
0.0286097
0.0358034
0.0443255
0.0543243
0.0659408
0.0793037
0.0945245
0.111692
0.13087
0.152087
0.175342
0.200593
0.227761
0.25673
0.287345
0.319417
0.352727
0.38703
0.422061
0.45754
0.493184
0.528706
0.563828
0.598284
0.631829
0.664238
0.695316
0.724895
0.75284
0.779047
0.803442
0.82598
0.846645
0.865442
0.882397
0.897555
0.910969
0.922703
0.932828
0.941412
0.948525
0.95423
0.958588
0.961647
0.963451
0.964032
0.963415
0.961616
0.958643
0.954498
0.949179
0.942682
0.934998
0.926121
0.916047
0.904773
0.892302
0.878642
0.863807
0.847817
0.830699
0.812485
0.793216
0.772935
0.751693
0.729543
0.706541
0.682746
0.658219
0.633018
0.607204
0.580835
0.553967
0.526653
0.498945
0.470889
0.442528
0.413904
0.385051
0.356004
0.32679
0.297435
0.267963
0.238392
0.208742
0.179025
0.149257
0.119447
0.0896079
0.0597476
0.0298754
