5.00289e+43
-1.0776e+44
1.81503e+44
-2.80769e+44
4.16812e+44
-6.03096e+44
8.55641e+44
-1.19319e+45
1.63712e+45
-2.21108e+45
2.94021e+45
-3.84998e+45
4.96456e+45
-6.30487e+45
7.88626e+45
-9.71599e+45
1.17909e+46
-1.40951e+46
1.65984e+46
-1.92559e+46
2.20074e+46
-2.47797e+46
2.74889e+46
-3.00444e+46
3.23536e+46
-3.43274e+46
3.5886e+46
-3.6964e+46
3.7515e+46
-3.7515e+46
3.69639e+46
-3.58859e+46
3.43273e+46
-3.23534e+46
3.0044e+46
-2.74882e+46
2.47785e+46
-2.20055e+46
1.92528e+46
-1.65937e+46
1.40876e+46
-1.17795e+46
9.69889e+45
-7.86091e+45
6.26791e+45
-4.9115e+45
3.77502e+45
-2.83597e+45
2.06837e+45
-1.44479e+45
9.38017e+44
-5.22366e+44
1.74609e+44
1.25434e+44
-3.9456e+44
6.46055e+44
-8.8972e+44
1.13202e+45
-1.37628e+45
1.62302e+45
-1.87028e+45
2.11403e+45
-2.34869e+45
2.56759e+45
-2.7636e+45
2.92969e+45
-3.05945e+45
3.14764e+45
-3.19061e+45
3.18655e+45
-3.13569e+45
3.04028e+45
-2.90443e+45
2.73383e+45
-2.53536e+45
2.31664e+45
-2.08555e+45
1.84976e+45
-1.61634e+45
1.39142e+45
-1.17998e+45
9.85761e+44
-8.11201e+44
6.57546e+44
-5.24981e+44
4.12819e+44
-3.19705e+44
2.43829e+44
-1.83121e+44
1.35416e+44
-9.85888e+43
7.06524e+43
-4.98191e+43
3.45337e+43
-2.34813e+43
1.55746e+43
-9.92919e+42
5.82873e+42
-2.68586e+42
