0.00641678
0.0129407
0.0196782
0.0267344
0.0342124
0.0422123
0.0508306
0.0601594
0.0702853
0.0812883
0.0932411
0.106208
0.120242
0.135389
0.15168
0.169135
0.187759
0.207546
0.228472
0.250502
0.273582
0.297647
0.322618
0.348399
0.374887
0.401963
0.429503
0.457373
0.485433
0.51354
0.541548
0.569312
0.59669
0.623542
0.649735
0.675144
0.699652
0.723152
0.745548
0.766756
0.786703
0.805327
0.822581
0.838427
0.852836
0.865792
0.877286
0.887317
0.895892
0.903022
0.908723
0.913017
0.915924
0.91747
0.917679
0.916579
0.914193
0.910548
0.905669
0.89958
0.892305
0.883867
0.874289
0.863593
0.851804
0.838946
0.825041
0.810117
0.794201
0.77732
0.759505
0.740787
0.721201
0.700781
0.679563
0.657586
0.634888
0.61151
0.587491
0.562874
0.537698
0.512004
0.485832
0.459221
0.43221
0.404834
0.37713
0.349131
0.320868
0.292372
0.263671
0.234792
0.205759
0.176595
0.147322
0.117961
0.0885301
0.0590482
0.0295325
