0.00696003
0.0121201
0.0213201
0.0250688
0.0369869
0.0396555
0.0547874
0.0566485
0.0754791
0.0767507
0.0997195
0.10057
0.128032
0.12859
0.160775
0.161131
0.198108
0.19833
0.239973
0.240106
0.28608
0.286154
0.335908
0.335941
0.388724
0.388725
0.443611
0.443583
0.499523
0.499462
0.555335
0.555231
0.609907
0.609746
0.662151
0.661908
0.711076
0.710721
0.755842
0.755331
0.795779
0.795059
0.830402
0.829406
0.859408
0.858054
0.882651
0.880844
0.900123
0.897751
0.911912
0.908851
0.918175
0.91429
0.919103
0.914252
0.914903
0.908942
0.905776
0.898566
0.891916
0.883326
0.873506
0.863422
0.850724
0.839055
0.82375
0.810432
0.792779
0.777779
0.758024
0.741342
0.719721
0.70139
0.678135
0.658217
0.63355
0.612138
0.586272
0.563479
0.536614
0.512571
0.484893
0.459738
0.431416
0.405293
0.376476
0.349526
0.320344
0.292701
0.263265
0.235054
0.205459
0.17679
0.147117
0.11809
0.088411
0.0591126
0.0294934
